no_UI
1.000000 7.083169
6.000000 6.420695
11.000000 6.486374
16.000000 6.694550
21.000000 6.656196
26.000000 6.615133
31.000000 6.353035
36.000000 6.124826
41.000000 5.864923
46.000000 5.892473
51.000000 4.377567
56.000000 4.387401
61.000000 4.035475
66.000000 3.821825
71.000000 3.741574
76.000000 3.549992
81.000000 3.689452
86.000000 3.701153
91.000000 3.637241
96.000000 3.667928
101.000000 3.694391
106.000000 3.665887
111.000000 3.665928
116.000000 2.794483
121.000000 2.781461
126.000000 2.676971
131.000000 2.675184
136.000000 2.541209
141.000000 2.833238
146.000000 2.269853
151.000000 2.235283
156.000000 2.287071
161.000000 2.326466
166.000000 2.129633
171.000000 2.045833
176.000000 2.163857
181.000000 2.168274
186.000000 2.166902
191.000000 2.346034
196.000000 1.645830
UI_N_gauss_5
1.000000 7.083181
6.000000 7.139124
11.000000 7.110968
16.000000 6.394699
21.000000 6.396724
26.000000 5.202089
31.000000 4.925127
36.000000 4.982773
41.000000 5.180102
46.000000 5.199971
51.000000 5.040329
56.000000 5.013378
61.000000 4.594627
66.000000 3.968856
71.000000 4.007582
76.000000 4.016922
81.000000 2.580739
86.000000 2.570437
91.000000 2.531947
96.000000 2.515659
101.000000 2.341160
106.000000 2.338692
111.000000 2.041618
116.000000 1.908002
121.000000 1.861909
126.000000 1.796352
131.000000 1.617265
136.000000 1.392019
141.000000 1.341208
146.000000 1.606804
151.000000 1.606533
156.000000 1.491722
161.000000 1.498691
166.000000 1.450086
171.000000 1.364386
176.000000 1.369902
181.000000 1.304890
186.000000 1.315092
191.000000 1.298452
196.000000 1.313357
UI_N_gauss_9
1.000000 7.083181
6.000000 6.855216
11.000000 6.843720
16.000000 6.938767
21.000000 6.513268
26.000000 3.621241
31.000000 2.918798
36.000000 2.907346
41.000000 2.964591
46.000000 2.357299
51.000000 2.335123
56.000000 2.233592
61.000000 2.052223
66.000000 2.105084
71.000000 1.883647
76.000000 1.899484
81.000000 1.910495
86.000000 1.848240
91.000000 1.869837
96.000000 1.812650
101.000000 1.663599
106.000000 1.614167
111.000000 1.585570
116.000000 1.717560
121.000000 1.526547
126.000000 1.841358
131.000000 1.841558
136.000000 1.818752
141.000000 1.825851
146.000000 1.944501
151.000000 1.968364
156.000000 2.010212
161.000000 1.922945
166.000000 2.013694
171.000000 2.004962
176.000000 2.077993
181.000000 2.068957
186.000000 1.972104
191.000000 2.184715
196.000000 2.234658
no_UI
1.000000 7.083169
6.000000 7.008598
11.000000 6.926253
16.000000 6.775513
21.000000 6.690975
26.000000 6.501693
31.000000 5.979723
36.000000 6.019973
41.000000 6.005172
46.000000 5.727409
51.000000 3.603146
56.000000 3.607452
61.000000 3.593482
66.000000 3.476030
71.000000 3.224322
76.000000 3.105538
81.000000 2.780804
86.000000 1.940990
91.000000 2.076148
96.000000 2.248746
101.000000 2.245294
106.000000 2.242289
111.000000 2.212560
116.000000 2.291720
121.000000 2.282195
126.000000 2.271593
131.000000 2.514186
136.000000 2.543499
141.000000 2.481630
146.000000 2.439970
151.000000 2.511172
156.000000 2.627623
161.000000 2.557162
166.000000 2.403529
171.000000 2.408721
176.000000 2.516432
181.000000 2.392204
186.000000 2.432974
191.000000 2.431031
196.000000 2.639541
UI_N_gauss_5
1.000000 7.083181
6.000000 7.246931
11.000000 7.179334
16.000000 6.887422
21.000000 6.766387
26.000000 6.463555
31.000000 6.473486
36.000000 5.675158
41.000000 5.677389
46.000000 5.435466
51.000000 2.762598
56.000000 2.735206
61.000000 2.670519
66.000000 2.669762
71.000000 2.023293
76.000000 2.077285
81.000000 1.860319
86.000000 1.816483
91.000000 1.689147
96.000000 1.859841
101.000000 1.894341
106.000000 2.080142
111.000000 2.083118
116.000000 2.050291
121.000000 1.426881
126.000000 1.483876
131.000000 1.473537
136.000000 1.516572
141.000000 1.540644
146.000000 1.537994
151.000000 1.592623
156.000000 3.414814
161.000000 3.493899
166.000000 3.507817
171.000000 3.466339
176.000000 3.130585
181.000000 3.036812
186.000000 3.106904
191.000000 3.103512
196.000000 3.041694
UI_N_gauss_9
1.000000 7.083181
6.000000 6.855216
11.000000 6.843720
16.000000 6.938767
21.000000 6.513268
26.000000 3.621241
31.000000 2.918798
36.000000 2.907346
41.000000 2.964591
46.000000 2.357299
51.000000 2.335123
56.000000 2.233592
61.000000 2.052223
66.000000 2.105084
71.000000 1.883647
76.000000 1.899484
81.000000 1.910495
86.000000 1.848240
91.000000 1.869837
96.000000 1.812650
101.000000 1.663599
106.000000 1.614167
111.000000 1.585570
116.000000 1.717560
121.000000 1.526547
126.000000 1.841358
131.000000 1.841558
136.000000 1.818752
141.000000 1.825851
146.000000 1.944501
151.000000 1.968364
156.000000 2.010212
161.000000 1.922945
166.000000 2.013694
171.000000 2.004962
176.000000 2.077993
181.000000 2.068957
186.000000 1.972104
191.000000 2.184715
196.000000 2.234658
no_UI
1.000000 7.083169
6.000000 6.903621
11.000000 6.536272
16.000000 6.078081
21.000000 4.209947
26.000000 4.059332
31.000000 4.186280
36.000000 4.051705
41.000000 3.993514
46.000000 3.820233
51.000000 3.656198
56.000000 3.498393
61.000000 3.517487
66.000000 3.551192
71.000000 3.048373
76.000000 3.054606
81.000000 2.653176
86.000000 2.368834
91.000000 2.565472
96.000000 2.700481
101.000000 2.841169
106.000000 2.891361
111.000000 2.593172
116.000000 2.422115
121.000000 2.505112
126.000000 2.387571
131.000000 2.403125
136.000000 2.268703
141.000000 2.199033
146.000000 2.121343
151.000000 2.143408
156.000000 2.245020
161.000000 2.281300
166.000000 2.519827
171.000000 2.742745
176.000000 2.994123
181.000000 2.661033
186.000000 2.660172
191.000000 2.612253
196.000000 2.595017
UI_N_gauss_5
1.000000 7.083181
6.000000 7.054827
11.000000 7.057121
16.000000 7.059456
21.000000 5.700366
26.000000 5.704888
31.000000 4.892671
36.000000 4.314021
41.000000 3.922280
46.000000 3.591725
51.000000 3.516696
56.000000 3.351527
61.000000 3.215425
66.000000 3.174723
71.000000 3.203676
76.000000 2.682280
81.000000 2.710007
86.000000 2.609064
91.000000 2.365198
96.000000 2.154586
101.000000 1.589188
106.000000 1.676851
111.000000 1.508682
116.000000 1.517593
121.000000 1.525148
126.000000 1.479233
131.000000 1.488827
136.000000 1.528716
141.000000 1.417169
146.000000 1.301334
151.000000 1.289339
156.000000 1.281866
161.000000 1.290945
166.000000 1.311915
171.000000 1.291282
176.000000 1.280240
181.000000 1.296458
186.000000 1.349178
191.000000 1.348677
196.000000 1.361012
UI_N_gauss_9
1.000000 7.083181
6.000000 7.298092
11.000000 6.897095
16.000000 6.743976
21.000000 6.153617
26.000000 6.129023
31.000000 6.136503
36.000000 5.646498
41.000000 4.837265
46.000000 4.846837
51.000000 4.841731
56.000000 3.711656
61.000000 3.701164
66.000000 3.710229
71.000000 3.724229
76.000000 3.768773
81.000000 3.772354
86.000000 3.685999
91.000000 3.426571
96.000000 2.719554
101.000000 2.435033
106.000000 2.640546
111.000000 2.517011
116.000000 3.017835
121.000000 2.977630
126.000000 3.245591
131.000000 3.456762
136.000000 3.047479
141.000000 2.671173
146.000000 3.011468
151.000000 2.984028
156.000000 4.322232
161.000000 4.313367
166.000000 4.303447
171.000000 4.564819
176.000000 5.084737
181.000000 5.071117
186.000000 5.163413
191.000000 5.753351
196.000000 5.650630
no_UI
1.000000 7.083169
6.000000 6.260495
11.000000 6.259717
16.000000 6.166107
21.000000 6.086029
26.000000 6.091719
31.000000 5.930215
36.000000 5.989110
41.000000 6.003807
46.000000 6.005122
51.000000 5.941244
56.000000 5.929252
61.000000 4.834591
66.000000 4.835224
71.000000 4.823180
76.000000 4.774234
81.000000 3.360200
86.000000 3.108675
91.000000 3.092193
96.000000 3.024314
101.000000 2.805805
106.000000 2.840903
111.000000 2.779125
116.000000 2.739946
121.000000 2.601498
126.000000 2.531626
131.000000 2.362032
136.000000 2.362117
141.000000 1.353213
146.000000 2.459572
151.000000 2.472499
156.000000 2.531771
161.000000 2.614230
166.000000 2.524456
171.000000 2.523833
176.000000 2.175580
181.000000 2.395960
186.000000 2.473132
191.000000 2.518511
196.000000 2.943796
UI_N_gauss_5
1.000000 7.083181
6.000000 7.094876
11.000000 7.112107
16.000000 7.123551
21.000000 7.178798
26.000000 5.376090
31.000000 4.839558
36.000000 3.596890
41.000000 3.297089
46.000000 3.383995
51.000000 3.384952
56.000000 3.114505
61.000000 2.352628
66.000000 2.165033
71.000000 1.830811
76.000000 1.807478
81.000000 1.784816
86.000000 1.901642
91.000000 1.878382
96.000000 1.518016
101.000000 1.521861
106.000000 1.609470
111.000000 1.607225
116.000000 1.486316
121.000000 1.489308
126.000000 1.238731
131.000000 1.008698
136.000000 0.882354
141.000000 0.927193
146.000000 0.945593
151.000000 0.899670
156.000000 0.955559
161.000000 0.901539
166.000000 0.910929
171.000000 0.891740
176.000000 0.853185
181.000000 1.172121
186.000000 1.132447
191.000000 1.126218
196.000000 1.120841
UI_N_gauss_9
1.000000 7.083181
6.000000 6.152681
11.000000 6.130915
16.000000 6.034092
21.000000 5.918816
26.000000 5.923602
31.000000 5.734378
36.000000 5.650909
41.000000 5.664134
46.000000 5.770040
51.000000 5.612364
56.000000 3.710874
61.000000 3.855569
66.000000 3.942113
71.000000 3.908937
76.000000 3.914083
81.000000 3.881183
86.000000 3.060047
91.000000 2.705420
96.000000 2.645865
101.000000 2.640216
106.000000 2.446311
111.000000 2.361259
116.000000 3.045250
121.000000 2.802992
126.000000 2.665342
131.000000 2.525192
136.000000 2.525433
141.000000 2.637585
146.000000 2.519729
151.000000 2.406874
156.000000 2.701271
161.000000 2.783409
166.000000 2.812209
171.000000 2.826348
176.000000 2.920190
181.000000 2.952003
186.000000 3.042876
191.000000 3.069872
196.000000 3.199665
no_UI
1.000000 7.083169
6.000000 6.787179
11.000000 6.830691
16.000000 6.594294
21.000000 6.457308
26.000000 6.507232
31.000000 6.494395
36.000000 6.412079
41.000000 6.018571
46.000000 6.079539
51.000000 6.017612
56.000000 6.020649
61.000000 5.943467
66.000000 6.040646
71.000000 6.166503
76.000000 5.550946
81.000000 5.095304
86.000000 5.089739
91.000000 2.231171
96.000000 2.541716
101.000000 2.383625
106.000000 2.322678
111.000000 2.573961
116.000000 2.662637
121.000000 2.800388
126.000000 2.588147
131.000000 2.083083
136.000000 2.057430
141.000000 1.904774
146.000000 2.326497
151.000000 2.381827
156.000000 2.511606
161.000000 2.496298
166.000000 2.269329
171.000000 2.487656
176.000000 2.473129
181.000000 2.325850
186.000000 2.330608
191.000000 2.184489
196.000000 3.757542
UI_N_gauss_5
1.000000 7.083181
6.000000 7.152776
11.000000 6.655764
16.000000 6.796773
21.000000 6.538504
26.000000 6.500523
31.000000 6.524174
36.000000 6.487680
41.000000 6.427302
46.000000 6.389802
51.000000 2.981134
56.000000 3.088044
61.000000 2.951962
66.000000 2.974016
71.000000 2.762620
76.000000 2.614166
81.000000 2.579428
86.000000 3.040918
91.000000 3.103359
96.000000 3.054356
101.000000 2.765909
106.000000 2.681638
111.000000 2.667444
116.000000 2.583742
121.000000 2.688826
126.000000 2.792906
131.000000 3.002636
136.000000 2.719945
141.000000 2.985352
146.000000 2.784910
151.000000 2.705758
156.000000 2.727821
161.000000 2.729840
166.000000 2.663829
171.000000 2.440604
176.000000 2.474429
181.000000 2.456198
186.000000 2.211505
191.000000 4.128279
196.000000 3.998358
UI_N_gauss_9
1.000000 7.083181
6.000000 7.096619
11.000000 7.092785
16.000000 7.170368
21.000000 5.504454
26.000000 5.590058
31.000000 5.424341
36.000000 5.398388
41.000000 5.347647
46.000000 5.106668
51.000000 5.110606
56.000000 5.108748
61.000000 5.283092
66.000000 5.284909
71.000000 5.285375
76.000000 5.022931
81.000000 4.812152
86.000000 4.746759
91.000000 4.798977
96.000000 4.666766
101.000000 4.712511
106.000000 4.688601
111.000000 4.216901
116.000000 4.234655
121.000000 4.081118
126.000000 4.262809
131.000000 3.930093
136.000000 3.910662
141.000000 4.115084
146.000000 4.170310
151.000000 3.982685
156.000000 4.061243
161.000000 4.013818
166.000000 3.754266
171.000000 3.199354
176.000000 3.421538
181.000000 7.889269
186.000000 7.907440
191.000000 7.908276
196.000000 7.789261
no_UI
1.000000 7.083169
6.000000 7.158491
11.000000 7.158353
16.000000 7.116983
21.000000 4.641642
26.000000 4.660386
31.000000 4.527038
36.000000 4.577338
41.000000 4.519937
46.000000 4.568872
51.000000 4.463692
56.000000 4.295624
61.000000 4.276865
66.000000 4.222591
71.000000 2.914796
76.000000 2.911944
81.000000 2.769192
86.000000 2.739448
91.000000 2.513529
96.000000 2.424034
101.000000 2.421776
106.000000 3.158737
111.000000 3.162805
116.000000 2.574631
121.000000 2.450483
126.000000 1.949007
131.000000 2.694082
136.000000 2.677479
141.000000 2.679437
146.000000 3.197327
151.000000 3.243581
156.000000 3.759268
161.000000 3.800793
166.000000 3.953506
171.000000 4.851797
176.000000 4.692575
181.000000 4.194933
186.000000 5.524722
191.000000 5.420449
196.000000 4.906911
UI_N_gauss_5
1.000000 7.083181
6.000000 7.109093
11.000000 7.125430
16.000000 6.964043
21.000000 6.005945
26.000000 5.557711
31.000000 5.462469
36.000000 4.865637
41.000000 2.973097
46.000000 2.869565
51.000000 3.126399
56.000000 3.196148
61.000000 3.157779
66.000000 4.367646
71.000000 4.400417
76.000000 4.134638
81.000000 4.070314
86.000000 3.926430
91.000000 4.116383
96.000000 3.443151
101.000000 3.389393
106.000000 3.459243
111.000000 3.453166
116.000000 4.585707
121.000000 4.263316
126.000000 3.897327
131.000000 3.481996
136.000000 7.005834
141.000000 8.496045
146.000000 8.480608
151.000000 8.280897
156.000000 8.656537
161.000000 16.566129
166.000000 16.568711
171.000000 16.561086
176.000000 15.238562
181.000000 11.774357
186.000000 11.750531
191.000000 11.482551
196.000000 11.440132
UI_N_gauss_9
1.000000 7.083181
6.000000 7.311986
11.000000 7.391174
16.000000 6.588176
21.000000 6.589991
26.000000 4.024257
31.000000 3.230963
36.000000 3.334407
41.000000 3.185958
46.000000 3.299994
51.000000 3.214482
56.000000 3.185300
61.000000 2.497356
66.000000 2.418015
71.000000 2.077290
76.000000 2.255031
81.000000 2.170034
86.000000 2.071045
91.000000 2.055399
96.000000 2.365837
101.000000 2.531454
106.000000 2.782334
111.000000 2.856932
116.000000 3.155066
121.000000 3.203657
126.000000 3.746938
131.000000 3.779395
136.000000 3.726521
141.000000 3.679392
146.000000 4.284027
151.000000 3.567676
156.000000 3.612829
161.000000 3.817950
166.000000 3.364114
171.000000 3.554490
176.000000 3.351299
181.000000 3.364193
186.000000 3.664642
191.000000 4.330887
196.000000 3.772155
