no_UI
1.000000 7.082471
6.000000 6.345863
11.000000 6.441321
16.000000 6.611888
21.000000 5.437302
26.000000 5.027634
31.000000 5.293209
36.000000 4.920692
41.000000 4.705321
46.000000 4.710138
51.000000 4.454199
56.000000 4.478741
61.000000 4.539249
66.000000 4.586548
71.000000 4.679509
76.000000 4.138301
81.000000 4.107523
86.000000 3.947706
91.000000 2.146031
96.000000 2.152118
101.000000 2.273928
106.000000 1.432535
111.000000 1.429453
116.000000 1.484824
121.000000 1.437921
126.000000 1.430903
131.000000 1.467673
136.000000 1.512574
141.000000 1.559388
146.000000 1.704665
151.000000 1.654176
156.000000 1.619978
161.000000 1.627981
166.000000 1.636167
171.000000 1.626824
176.000000 2.248169
181.000000 1.856904
186.000000 1.910699
191.000000 1.881976
196.000000 2.441618
UI_N_gauss_5
1.000000 7.081851
6.000000 7.074565
11.000000 7.080314
16.000000 7.151451
21.000000 4.725656
26.000000 4.837301
31.000000 4.873932
36.000000 4.094353
41.000000 3.938085
46.000000 3.885472
51.000000 3.691707
56.000000 3.455106
61.000000 3.332900
66.000000 3.232167
71.000000 3.143582
76.000000 3.139364
81.000000 2.549351
86.000000 2.490065
91.000000 2.457386
96.000000 1.679276
101.000000 1.659087
106.000000 1.626149
111.000000 1.550068
116.000000 1.266811
121.000000 1.266950
126.000000 1.263678
131.000000 1.248623
136.000000 1.240930
141.000000 1.273315
146.000000 1.272934
151.000000 1.278769
156.000000 1.153758
161.000000 1.074613
166.000000 1.104336
171.000000 1.104493
176.000000 1.109272
181.000000 1.060793
186.000000 0.913387
191.000000 0.905372
196.000000 0.840063
UI_N_gauss_9
1.000000 7.083017
6.000000 7.086187
11.000000 7.097561
16.000000 6.904421
21.000000 5.477917
26.000000 4.608330
31.000000 4.678681
36.000000 4.494131
41.000000 4.411444
46.000000 4.442670
51.000000 3.420848
56.000000 3.350438
61.000000 3.341868
66.000000 3.342346
71.000000 2.403749
76.000000 2.323366
81.000000 2.347713
86.000000 2.081362
91.000000 2.097439
96.000000 2.117087
101.000000 2.088496
106.000000 1.922677
111.000000 1.894022
116.000000 1.869154
121.000000 1.708897
126.000000 1.630632
131.000000 1.635944
136.000000 1.651996
141.000000 1.672830
146.000000 1.682204
151.000000 1.780650
156.000000 1.604800
161.000000 1.640059
166.000000 1.571896
171.000000 1.435541
176.000000 1.375730
181.000000 1.376788
186.000000 1.363931
191.000000 1.342971
196.000000 1.343664
