uncertainty_UI_N_gauss_5
2.000000 9.449566
6.000000 15.432090
10.000000 30.104239
14.000000 9.111230
18.000000 8.348688
22.000000 5.658939
26.000000 5.590192
30.000000 6.713895
34.000000 6.274515
38.000000 7.104266
42.000000 7.412899
46.000000 4.392132
50.000000 4.427373
54.000000 4.277861
58.000000 2.794960
62.000000 2.942064
66.000000 2.786947
70.000000 2.777838
74.000000 2.669969
78.000000 2.591129
82.000000 2.722286
86.000000 2.983163
90.000000 3.011201
94.000000 2.331909
98.000000 2.922926
102.000000 2.798949
106.000000 2.808975
110.000000 2.817562
114.000000 2.869042
118.000000 2.865465
122.000000 3.002905
126.000000 2.977828
130.000000 2.879096
134.000000 2.868513
138.000000 2.711808
142.000000 2.730020
146.000000 2.709430
150.000000 2.703169
154.000000 2.593705
158.000000 2.458696
162.000000 2.461827
166.000000 2.413454
170.000000 2.156607
174.000000 2.135472
178.000000 2.196212
renyi_no_UI
2.000000 9.449566
6.000000 18.160051
10.000000 29.414202
14.000000 6.593308
18.000000 21.409066
22.000000 7.127199
26.000000 6.657037
30.000000 6.322541
34.000000 6.769415
38.000000 4.988780
42.000000 6.902079
46.000000 7.537021
50.000000 7.544319
54.000000 6.126216
58.000000 5.583998
62.000000 5.423114
66.000000 5.025344
70.000000 4.840986
74.000000 4.102500
78.000000 4.374147
82.000000 4.810489
86.000000 4.172945
90.000000 3.571856
94.000000 3.130802
98.000000 3.307922
102.000000 3.238979
106.000000 2.875440
110.000000 2.877500
114.000000 2.724235
118.000000 2.540947
122.000000 2.153655
126.000000 2.151809
130.000000 2.093501
134.000000 2.120560
138.000000 2.641962
142.000000 2.680856
146.000000 2.678326
150.000000 2.630539
154.000000 2.339864
158.000000 2.352196
162.000000 2.500680
166.000000 2.478980
170.000000 2.464097
174.000000 2.299739
178.000000 2.747355
renyi_UI_N_gauss_5
2.000000 9.449566
6.000000 8.905443
10.000000 9.069018
14.000000 60.204605
18.000000 25.913654
22.000000 38.694090
26.000000 34.389512
30.000000 21.740796
34.000000 107.553695
38.000000 172.477180
42.000000 93.355335
46.000000 168.981964
50.000000 169.607269
54.000000 144.503099
58.000000 118.120943
62.000000 76.542346
66.000000 72.489628
70.000000 78.230490
74.000000 83.196562
78.000000 78.731634
82.000000 33.012730
86.000000 38.433066
90.000000 42.586642
94.000000 41.541968
98.000000 46.162018
102.000000 38.441412
106.000000 44.269974
110.000000 50.185133
114.000000 31.971394
118.000000 29.611646
122.000000 34.130325
126.000000 33.919035
130.000000 32.081734
134.000000 6.214698
138.000000 7.229180
142.000000 8.034355
146.000000 7.859168
150.000000 6.639543
154.000000 6.761807
158.000000 7.075780
162.000000 4.981985
166.000000 4.408882
170.000000 3.530166
174.000000 3.541712
178.000000 3.624601
heuristic_UI_N_gauss_5
2.000000 9.449566
6.000000 17.630345
10.000000 23.180846
14.000000 8.598145
18.000000 8.858909
22.000000 8.580547
26.000000 5.875559
30.000000 5.801593
34.000000 5.866856
38.000000 6.430551
42.000000 7.327782
46.000000 7.377694
50.000000 5.479249
54.000000 4.426885
58.000000 4.130665
62.000000 4.177665
66.000000 4.309571
70.000000 4.312755
74.000000 4.701085
78.000000 2.995512
82.000000 2.994625
86.000000 3.043382
90.000000 2.985787
94.000000 2.956430
98.000000 2.902538
102.000000 3.682052
106.000000 3.682052
110.000000 3.499132
114.000000 3.476534
118.000000 3.403501
122.000000 3.196928
126.000000 3.498239
130.000000 3.526286
134.000000 3.387752
138.000000 3.254379
142.000000 3.249265
146.000000 3.047784
150.000000 3.089108
154.000000 2.572224
158.000000 2.568837
162.000000 2.490255
166.000000 2.384642
170.000000 2.072969
174.000000 2.074797
178.000000 2.186065
uncertainty_UI_N_gauss_5
2.000000 9.449566
6.000000 19.630615
10.000000 47.513314
14.000000 6.890038
18.000000 6.194553
22.000000 9.553617
26.000000 5.966364
30.000000 8.101033
34.000000 8.327905
38.000000 7.389649
42.000000 6.155276
46.000000 19.397212
50.000000 10.409997
54.000000 10.521247
58.000000 5.301901
62.000000 3.786017
66.000000 3.869028
70.000000 3.818317
74.000000 4.290772
78.000000 4.365765
82.000000 4.539669
86.000000 4.404307
90.000000 4.401194
94.000000 4.390812
98.000000 1.929430
102.000000 1.968748
106.000000 1.969988
110.000000 1.856620
114.000000 1.851262
118.000000 1.871227
122.000000 1.797896
126.000000 1.855314
130.000000 1.613446
134.000000 1.622002
138.000000 1.555493
142.000000 1.493602
146.000000 1.494829
150.000000 1.483586
154.000000 1.548718
158.000000 1.577581
162.000000 1.542214
166.000000 1.535237
170.000000 1.515747
174.000000 1.560536
178.000000 1.221021
renyi_no_UI
2.000000 9.449566
6.000000 19.630615
10.000000 47.513314
14.000000 6.890038
18.000000 6.194553
22.000000 9.553617
26.000000 5.966364
30.000000 8.101033
34.000000 8.327905
38.000000 7.389649
42.000000 6.155276
46.000000 19.397212
50.000000 10.409997
54.000000 10.521247
58.000000 5.301901
62.000000 3.786017
66.000000 3.869028
70.000000 3.818317
74.000000 4.290772
78.000000 4.365765
82.000000 4.539669
86.000000 4.404307
90.000000 4.401194
94.000000 4.499768
98.000000 2.314921
102.000000 2.189629
106.000000 2.236190
110.000000 2.516516
114.000000 2.502535
118.000000 2.434297
122.000000 2.390771
126.000000 2.173593
130.000000 2.237510
134.000000 2.126853
138.000000 2.114715
142.000000 2.052430
146.000000 1.925160
150.000000 1.562078
154.000000 1.590091
158.000000 1.626596
162.000000 1.602169
166.000000 1.626908
170.000000 1.418426
174.000000 1.416578
178.000000 1.024023
renyi_UI_N_gauss_5
2.000000 9.449566
6.000000 10.726927
10.000000 15.906040
14.000000 13.846894
18.000000 20.585056
22.000000 37.464544
26.000000 36.170095
30.000000 33.963316
34.000000 36.318893
38.000000 32.134594
42.000000 31.822849
46.000000 31.919730
50.000000 34.003853
54.000000 31.006746
58.000000 30.765712
62.000000 32.087825
66.000000 30.273485
70.000000 30.041808
74.000000 29.947272
78.000000 28.051538
82.000000 28.269587
86.000000 26.919310
90.000000 26.668832
94.000000 19.398391
98.000000 19.567844
102.000000 21.543052
106.000000 21.067316
110.000000 21.793152
114.000000 21.786807
118.000000 21.753994
122.000000 21.788131
126.000000 22.642082
130.000000 22.166876
134.000000 22.344715
138.000000 15.616456
142.000000 16.214767
146.000000 15.433518
150.000000 18.848873
154.000000 18.179360
158.000000 16.765453
162.000000 16.637985
166.000000 13.186888
170.000000 13.240050
174.000000 13.045949
178.000000 13.190586
heuristic_UI_N_gauss_5
2.000000 9.449566
6.000000 15.919581
10.000000 29.041031
14.000000 7.278539
18.000000 15.966954
22.000000 4.332498
26.000000 4.331669
30.000000 4.708506
34.000000 4.714306
38.000000 4.009686
42.000000 4.260622
46.000000 4.540791
50.000000 5.847549
54.000000 6.693898
58.000000 6.689076
62.000000 6.692846
66.000000 6.416723
70.000000 5.928008
74.000000 5.917041
78.000000 4.259560
82.000000 4.270681
86.000000 3.700454
90.000000 3.759710
94.000000 3.042639
98.000000 2.475944
102.000000 2.485497
106.000000 2.465354
110.000000 2.473730
114.000000 2.401559
118.000000 2.348581
122.000000 2.317839
126.000000 1.898050
130.000000 1.791506
134.000000 1.799258
138.000000 1.822437
142.000000 1.713394
146.000000 1.475684
150.000000 1.470982
154.000000 1.465696
158.000000 1.540926
162.000000 1.536114
166.000000 1.443267
170.000000 1.416199
174.000000 1.319935
178.000000 1.316805
uncertainty_UI_N_gauss_5
2.000000 9.449566
6.000000 19.770231
10.000000 50.334319
14.000000 6.392642
18.000000 17.553293
22.000000 6.725893
26.000000 7.230063
30.000000 11.230281
34.000000 11.207429
38.000000 7.769013
42.000000 4.974845
46.000000 4.973302
50.000000 4.532026
54.000000 3.945148
58.000000 3.326095
62.000000 4.319696
66.000000 4.751825
70.000000 2.951008
74.000000 3.025445
78.000000 2.562585
82.000000 2.583051
86.000000 2.825206
90.000000 2.737579
94.000000 2.472919
98.000000 2.652208
102.000000 2.666294
106.000000 2.665709
110.000000 2.614988
114.000000 2.562326
118.000000 2.562327
122.000000 2.304223
126.000000 2.298841
130.000000 2.232521
134.000000 2.284070
138.000000 2.321886
142.000000 2.306438
146.000000 2.271063
150.000000 2.058452
154.000000 1.962689
158.000000 1.981214
162.000000 1.974140
166.000000 1.986812
170.000000 1.986648
174.000000 1.989922
178.000000 1.970233
renyi_no_UI
2.000000 9.449566
6.000000 19.770231
10.000000 50.334319
14.000000 6.392642
18.000000 17.553293
22.000000 6.725893
26.000000 7.230063
30.000000 11.230281
34.000000 11.207429
38.000000 7.769013
42.000000 4.974845
46.000000 4.973302
50.000000 4.532026
54.000000 3.945148
58.000000 3.326095
62.000000 4.319696
66.000000 4.751825
70.000000 2.951008
74.000000 3.025445
78.000000 2.562585
82.000000 2.583051
86.000000 2.825206
90.000000 2.737579
94.000000 2.472919
98.000000 2.652208
102.000000 2.666294
106.000000 2.665709
110.000000 2.614988
114.000000 2.562326
118.000000 2.562327
122.000000 2.304223
126.000000 2.298841
130.000000 2.232521
134.000000 2.284070
138.000000 2.321886
142.000000 2.306438
146.000000 2.271063
150.000000 2.058452
154.000000 1.962689
158.000000 1.981214
162.000000 1.974140
166.000000 1.986812
170.000000 1.986648
174.000000 1.989922
178.000000 1.970233
renyi_UI_N_gauss_5
2.000000 9.449566
6.000000 11.170340
10.000000 6.440488
14.000000 7.133533
18.000000 13.767908
22.000000 7.765664
26.000000 9.979885
30.000000 23.908360
34.000000 250.146642
38.000000 310.109938
42.000000 213.523336
46.000000 213.568668
50.000000 171.076611
54.000000 94.877490
58.000000 102.200471
62.000000 29.976335
66.000000 29.221509
70.000000 33.326273
74.000000 32.816158
78.000000 37.047338
82.000000 31.571641
86.000000 31.474820
90.000000 27.870820
94.000000 26.768467
98.000000 26.611289
102.000000 24.269866
106.000000 24.181369
110.000000 23.779576
114.000000 24.090971
118.000000 20.864577
122.000000 20.716986
126.000000 28.748044
130.000000 28.703527
134.000000 31.662368
138.000000 20.667811
142.000000 17.477023
146.000000 15.270047
150.000000 13.327335
154.000000 12.978363
158.000000 13.012367
162.000000 12.928714
166.000000 13.168733
170.000000 13.153498
174.000000 13.684957
178.000000 8.362790
heuristic_UI_N_gauss_5
2.000000 9.449566
6.000000 17.421406
10.000000 24.887270
14.000000 6.727470
18.000000 9.137237
22.000000 6.415986
26.000000 6.487037
30.000000 6.360118
34.000000 6.220518
38.000000 5.638620
42.000000 5.630010
46.000000 6.032768
50.000000 6.411360
54.000000 5.993855
58.000000 5.890332
62.000000 5.614066
66.000000 5.556635
70.000000 5.214676
74.000000 5.277577
78.000000 4.922357
82.000000 4.767689
86.000000 4.233401
90.000000 4.117828
94.000000 2.841216
98.000000 2.044389
102.000000 2.057038
106.000000 2.139020
110.000000 2.108439
114.000000 2.109909
118.000000 2.047979
122.000000 1.895800
126.000000 1.759222
130.000000 1.593125
134.000000 1.553915
138.000000 1.482864
142.000000 1.582530
146.000000 1.547570
150.000000 1.559010
154.000000 1.561467
158.000000 1.765989
162.000000 1.816035
166.000000 1.758437
170.000000 1.928752
174.000000 1.870491
178.000000 1.638278
uncertainty_UI_N_gauss_5
2.000000 9.449566
6.000000 17.761125
10.000000 33.965606
14.000000 13.836308
18.000000 12.902413
22.000000 8.764429
26.000000 7.022430
30.000000 6.610584
34.000000 5.372217
38.000000 6.992239
42.000000 6.241685
46.000000 6.306811
50.000000 6.466821
54.000000 6.380139
58.000000 8.701181
62.000000 10.741738
66.000000 9.269668
70.000000 2.862559
74.000000 2.826878
78.000000 2.692439
82.000000 2.547882
86.000000 2.523438
90.000000 2.635333
94.000000 2.755999
98.000000 2.733963
102.000000 2.849284
106.000000 2.793084
110.000000 1.955248
114.000000 1.967501
118.000000 2.313277
122.000000 2.301997
126.000000 2.302727
130.000000 2.357721
134.000000 2.337534
138.000000 1.926714
142.000000 1.957150
146.000000 1.787289
150.000000 1.787615
154.000000 1.696054
158.000000 1.699715
162.000000 1.639389
166.000000 1.647312
170.000000 1.636857
174.000000 1.625358
178.000000 1.541268
renyi_no_UI
2.000000 9.449566
6.000000 17.761125
10.000000 33.965606
14.000000 13.836308
18.000000 12.902413
22.000000 8.764429
26.000000 7.022430
30.000000 8.442150
34.000000 6.682570
38.000000 9.104087
42.000000 12.202601
46.000000 6.783045
50.000000 6.923151
54.000000 4.260472
58.000000 4.137800
62.000000 4.109347
66.000000 4.102013
70.000000 4.717923
74.000000 3.641758
78.000000 4.763766
82.000000 4.770331
86.000000 4.806167
90.000000 3.479555
94.000000 3.322723
98.000000 3.238119
102.000000 3.313796
106.000000 3.693741
110.000000 3.632904
114.000000 3.525563
118.000000 2.734016
122.000000 2.723820
126.000000 3.353889
130.000000 3.485253
134.000000 2.381001
138.000000 2.411782
142.000000 2.108445
146.000000 2.129672
150.000000 2.129874
154.000000 2.156452
158.000000 2.160606
162.000000 2.172050
166.000000 2.130559
170.000000 2.219727
174.000000 2.271394
178.000000 2.143689
renyi_UI_N_gauss_5
2.000000 9.449566
6.000000 10.089719
10.000000 10.371102
14.000000 13.953330
18.000000 18.180145
22.000000 19.519909
26.000000 13.132102
30.000000 26.320616
34.000000 26.805203
38.000000 18.481361
42.000000 27.760280
46.000000 30.356882
50.000000 25.842684
54.000000 28.366917
58.000000 27.937372
62.000000 23.449397
66.000000 24.983398
70.000000 25.607479
74.000000 23.597830
78.000000 22.686624
82.000000 18.187579
86.000000 16.331303
90.000000 13.586693
94.000000 14.571960
98.000000 14.301573
102.000000 13.799157
106.000000 14.395982
110.000000 14.538544
114.000000 12.475993
118.000000 9.818095
122.000000 10.422928
126.000000 10.393484
130.000000 10.643601
134.000000 10.575529
138.000000 10.467039
142.000000 9.028441
146.000000 7.648848
150.000000 8.194296
154.000000 8.077260
158.000000 12.444871
162.000000 9.449039
166.000000 10.461768
170.000000 10.739534
174.000000 10.264112
178.000000 10.055853
heuristic_UI_N_gauss_5
2.000000 9.449566
6.000000 19.107509
10.000000 34.860975
14.000000 6.056037
18.000000 22.212794
22.000000 6.066930
26.000000 6.083475
30.000000 6.182012
34.000000 6.955622
38.000000 8.114548
42.000000 5.073409
46.000000 3.006770
50.000000 2.560241
54.000000 2.562533
58.000000 2.537314
62.000000 2.461917
66.000000 2.653528
70.000000 2.831063
74.000000 2.760285
78.000000 2.518665
82.000000 2.604414
86.000000 2.542389
90.000000 2.530985
94.000000 2.629654
98.000000 1.976739
102.000000 1.945195
106.000000 1.670358
110.000000 1.773917
114.000000 1.845197
118.000000 1.799045
122.000000 1.932042
126.000000 1.998808
130.000000 1.995409
134.000000 1.877733
138.000000 2.034195
142.000000 2.011913
146.000000 2.016906
150.000000 2.058503
154.000000 2.100796
158.000000 2.118378
162.000000 2.341779
166.000000 2.329658
170.000000 2.289661
174.000000 2.299242
178.000000 2.285541
uncertainty_UI_N_gauss_5
2.000000 9.449566
6.000000 14.624168
10.000000 19.370643
14.000000 8.572319
18.000000 10.856948
22.000000 25.699423
26.000000 7.165045
30.000000 6.955016
34.000000 6.918141
38.000000 8.335412
42.000000 8.542916
46.000000 6.826750
50.000000 7.673126
54.000000 6.845700
58.000000 7.545568
62.000000 6.159101
66.000000 8.333970
70.000000 8.777805
74.000000 8.398932
78.000000 7.430455
82.000000 6.582130
86.000000 6.622332
90.000000 4.915978
94.000000 3.691381
98.000000 4.082869
102.000000 4.076321
106.000000 3.247658
110.000000 2.793960
114.000000 2.668558
118.000000 2.556001
122.000000 2.918744
126.000000 2.932103
130.000000 2.932353
134.000000 2.822544
138.000000 2.796945
142.000000 2.321014
146.000000 2.327944
150.000000 2.167553
154.000000 2.255915
158.000000 2.257379
162.000000 1.884057
166.000000 1.886699
170.000000 1.882383
174.000000 1.894631
178.000000 1.894638
renyi_no_UI
2.000000 9.449566
6.000000 14.624168
10.000000 19.370643
14.000000 8.572319
18.000000 10.856948
22.000000 25.699423
26.000000 7.165045
30.000000 6.955016
34.000000 6.918141
38.000000 8.335412
42.000000 8.542916
46.000000 6.826750
50.000000 7.673126
54.000000 6.845700
58.000000 7.545568
62.000000 6.159101
66.000000 8.333970
70.000000 8.777805
74.000000 8.398932
78.000000 7.430455
82.000000 6.582130
86.000000 6.622332
90.000000 4.915978
94.000000 3.691381
98.000000 4.082869
102.000000 4.076321
106.000000 3.247658
110.000000 2.793960
114.000000 2.668558
118.000000 2.556001
122.000000 2.918744
126.000000 2.932103
130.000000 2.932353
134.000000 2.822544
138.000000 2.799179
142.000000 2.562960
146.000000 2.486985
150.000000 2.442539
154.000000 2.324047
158.000000 2.329995
162.000000 1.688554
166.000000 1.703845
170.000000 1.701050
174.000000 1.709930
178.000000 1.701202
renyi_UI_N_gauss_5
2.000000 9.449566
6.000000 8.854482
10.000000 15.660850
14.000000 22.205161
18.000000 41.742764
22.000000 31.579220
26.000000 35.024753
30.000000 25.004876
34.000000 34.497800
38.000000 31.858618
42.000000 22.747626
46.000000 28.453201
50.000000 30.606813
54.000000 31.268436
58.000000 28.636810
62.000000 24.932154
66.000000 25.208428
70.000000 28.353983
74.000000 25.501495
78.000000 21.392821
82.000000 23.804261
86.000000 19.434477
90.000000 8.147692
94.000000 8.408742
98.000000 10.220238
102.000000 10.899888
106.000000 8.641256
110.000000 7.238111
114.000000 7.187312
118.000000 7.331019
122.000000 6.056612
126.000000 7.554352
130.000000 6.570570
134.000000 5.133102
138.000000 3.513979
142.000000 12.142166
146.000000 10.577558
150.000000 9.623185
154.000000 9.991809
158.000000 10.129368
162.000000 10.125825
166.000000 10.239663
170.000000 7.944894
174.000000 9.562940
178.000000 9.214888
